LINESTRING (913 1331,918 1327,923 1323,928 1320,933 1316,938 1312,943 1308,948 1304,953 1301,958 1297,963 1293,968 1289,973 1286,978 1282,983 1278,988 1274,993 1270,998 1267,1003 1263,1008 1259,1013 1255,1018 1252,1023 1248,1028 1244,1033 1240,1038 1236,1043 1233,1048 1229,1053 1225,1058 1221,1063 1218,1068 1214,1073 1210,1078 1206,1083 1202,1088 1199,1093 1195,1098 1191,1103 1187,1108 1184,1113 1180,1118 1176,1123 1172,1128 1168,1133 1165,1138 1161,1143 1157,1148 1153,1153 1150,1158 1146,1163 1142,1168 1138,1173 1134,1178 1131,1183 1127,1188 1123,1193 1119,1197 1115)
LINESTRING (1088 771,1093 786,1098 802,1103 817,1108 833,1113 849,1118 865,1123 880,1128 896,1133 912,1138 928,1143 944,1148 959,1153 975,1158 991,1163 1007,1168 1023,1173 1038,1178 1054,1183 1070,1188 1086,1193 1102,1197 1115)
LINESTRING (732 771,737 771,742 771,747 771,752 771,757 771,762 771,767 771,772 771,777 771,782 771,787 771,792 771,797 771,802 771,807 771,812 771,817 771,822 771,827 771,832 771,837 771,842 771,847 771,852 771,857 771,862 771,867 771,872 771,877 771,882 771,887 771,892 771,897 771,902 771,907 771,912 771,917 771,922 771,927 771,932 771,937 771,942 771,947 771,952 771,957 771,962 771,967 771,972 771,977 771,982 771,987 771,992 771,997 771,1002 771,1007 771,1012 771,1017 771,1022 771,1027 771,1032 771,1037 771,1042 771,1047 771,1052 771,1057 771,1062 771,1067 771,1072 771,1077 771,1082 771,1087 771,1088 771)
LINESTRING (625 1120.5,630 1104.25,635 1088,640 1071.75,645	1055.5,650 1039.25,655 1023,660 1006.75,665 990.5,670 974.25,675 958,680 941.75,685 925.5,690 909.25,695 893,700 876.75,705 860.5,710 844.25,715 828,720 811.75,725 795.5,730 779.25,732 771)
LINESTRING (625 1120.5,630 1123.57,635 1127.226,640 1130.882,645 1134.538,650 1138.194,655 1141.85,660 1145.506,665 1149.162,670 1152.818,675 1156.474,680 1160.13,685 1163.786,690 1167.442,695 1171.098,700 1174.754,705 1178.41,710 1182.066,715 1185.722,720 1189.378,725 1193.034,730 1196.69,735 1200.346,740	1204.002,745 1207.658,750 1211.314,755	1214.97,760 1218.626,765 1222.282,770 1225.938,775 1229.594,780 1233.25,785 1236.906,790 1240.562,795 1244.218,800 1247.874,805 1251.53,810 1255.186,815 1258.842,820 1262.498,825 1266.154,830 1269.81,835 1273.466,840 1277.122,845 1280.778,855 1284.434,860 1288.09,865 1291.746,870 1295.402,875 1299.058,880 1302.714,885 1306.37,890 1310.026,895 1313.682,900 1317.338,905 1320.994,910 1324.65,913 1331)
POINT (913 1331)
POINT (1088 771)
POINT (732 771)
POINT (625 1120.5)
POINT (1197 1115)
LINESTRING (732 771,273 557,274 536,279 515,289 493,301 474,313 460,329 446,345 434,359 427,378 418,382 417,394 413,407 410,423 408,438 406,454 406,475 408,495 412,511 416,522 420,530 424,540 429,550 435,560 441,570 449,578 457,587 466,594 476,601 486,608 498,613 510,619 529,621 551,620 575,616 589,610 608,604 626,598 640,586 651,576 659,566 667,555 675,540 683,530 688,520 692,511 694,501 699,488 702,470 705,452 706,429 705,407 702,391 698,378 694,364 687,344 676,327 664,315 653,305 642,289 623,283 605,277 590,274 576)